36
102  17 276 1
 91  37 269 1
150  39 301 1
122  64 235 1
 71 101 247 1
 49 129 245 1
 91 148 203 1
121 150 352 1
 57 158 239 1
 74 188 212 1
128 201 347 1
181 221 328 1
105 227 358 1
 84 257 358 1
134 318 336 1
120  43 275 2
181  69 325 2
138  84 329 2
 49 106 250 2
151 112 334 2
170 115 328 2
195 131 323 2
136 157 344 2
176 161 318 2
143 221 348 2
158 251 341 2
136  52   0 3
229 209   0 3
141 135   0 3
226 238   0 3
201 301   0 3
187 319   0 3
229 212   0 4
138 135   0 4
226 241   0 4
182 323   0 4
